1 131072
3 131072
5 131072
3 65536
7 131072
1 16384
9 131072
5 65536
11 131072
3 32768
13 131072
15 131072
17 131072
19 131072
21 131072
23 131072
25 131072
27 131072
29 131072
31 131072
33 131072
35 131072
37 131072
39 131072
43 131072
45 131072
47 131072
49 131072
53 131072
57 131072
61 131072
65 131072
69 131072
73 131072
77 131072
81 131072
85 131072
89 131072
93 131072
97 131072
101 131072
105 131072
109 131072
113 131072
117 131072
125 131072
133 131072
137 131072
141 131072
145 131072
149 131072
153 131072
157 131072
161 131072
165 131072
169 131072
173 131072
177 131072
185 131072
193 131072
201 131072
209 131072
217 131072
225 131072
233 131072
241 131072
249 131072
257 131072
261 131072
265 131072
273 131072
281 131072
289 131072
297 131072
305 131072
321 131072
337 131072
353 131072
361 131072
369 131072
377 131072
385 131072
393 131072
401 131072
409 131072
417 131072
425 131072
433 131072
441 131072
449 131072
457 131072
465 131072
473 131072
481 131072
489 131072
497 131072
505 131072
513 131072
529 131072
545 131072
561 131072
577 131072
593 131072
601 131072
609 131072
617 131072
625 131072
633 131072
641 131072
649 131072
657 131072
665 131072
673 131072
681 131072
689 131072
697 131072
705 131072
713 131072
721 131072
729 131072
737 131072
745 131072
753 131072
761 131072
769 131072
777 131072
785 131072
793 131072
801 131072
809 131072
817 131072
825 131072
833 131072
841 131072
849 131072
857 131072
865 131072
873 131072
881 131072
889 131072
897 131072
905 131072
921 131072
937 131072
953 131072
969 131072
985 131072
1001 131072
1017 131072
1033 131072
1049 131072
1065 131072
1097 131072
1129 131072
1161 131072
1177 131072
1193 131072
1209 131072
1225 131072
1241 131072
1257 131072
1265 131072
1273 131072
1281 131072
1289 131072
1297 131072
1305 131072
1313 131072
1321 131072
1329 131072
1337 131072
1345 131072
1353 131072
1361 131072
1369 131072
1377 131072
1393 131072
1409 131072
1425 131072
1441 131072
1457 131072
1473 131072
1489 131072
1505 131072
1521 131072
1537 131072
1553 131072
1585 131072
1617 131072
1649 131072
1681 131072
1713 131072
1777 131072
1841 131072
1905 131072
1969 131072
2033 131072
2065 131072
2097 131072
2129 131072
2145 131072
2161 131072
2177 131072
2193 131072
2209 131072
2225 131072
2241 131072
2257 131072
2273 131072
2289 131072
2305 131072
2321 131072
2337 131072
2353 131072
2369 131072
2385 131072
2401 131072
2417 131072
2433 131072
2449 131072
2465 131072
2481 131072
2497 131072
2513 131072
2529 131072
2545 131072
2577 131072
2609 131072
2641 131072
2673 131072
2705 131072
2737 131072
2769 131072
2833 131072
2897 131072
2961 131072
3025 131072
3153 131072
3281 131072
3345 131072
3409 131072
3473 131072
3505 131072
3537 131072
3569 131072
3601 131072
3633 131072
3665 131072
3697 131072
3713 131072
3729 131072
3745 131072
3761 131072
3777 131072
3793 131072
3809 131072
3825 131072
3841 131072
3857 131072
3873 131072
3889 131072
3905 131072
3921 131072
3937 131072
3953 131072
3969 131072
3985 131072
4001 131072
4017 131072
4033 131072
4049 131072
4081 131072
4113 131072
4145 131072
4177 131072
4209 131072
4241 131072
4273 131072
4305 131072
4337 131072
4401 131072
4465 131072
4529 131072
4593 131072
4657 131072
4785 131072
4913 131072
5041 131072
5297 131072
5425 131072
5553 131072
5617 131072
5681 131072
5745 131072
5809 131072
5841 131072
5873 131072
5905 131072
5937 131072
5969 131072
6001 131072
6033 131072
6065 131072
6097 131072
6129 131072
6161 131072
6193 131072
6225 131072
6257 131072
6289 131072
6321 131072
6353 131072
6385 131072
6417 131072
6449 131072
6481 131072
6513 131072
6545 131072
6577 131072
6609 131072
6641 131072
6673 131072
6705 131072
6737 131072
6769 131072
6801 131072
6865 131072
6929 131072
6993 131072
7057 131072
7121 131072
7185 131072
7313 131072
7441 131072
7569 131072
7697 131072
7953 131072
8209 131072
8465 131072
8721 131072
8849 131072
8977 131072
9041 131072
9105 131072
9169 131072
9233 131072
9297 131072
9329 131072
9361 131072
9393 131072
9425 131072
9457 131072
9489 131072
9521 131072
9553 131072
9585 131072
9617 131072
9649 131072
9681 131072
9713 131072
9745 131072
9777 131072
9809 131072
9841 131072
9873 131072
9905 131072
9937 131072
9969 131072
10001 131072
10033 131072
10065 131072
10097 131072
10129 131072
10161 131072
10193 131072
10225 131072
10257 131072
10321 131072
10385 131072
10449 131072
10513 131072
10577 131072
10641 131072
10705 131072
10769 131072
10897 131072
11025 131072
11153 131072
11281 131072
11409 131072
11665 131072
11921 131072
12177 131072
12433 131072
12945 131072
13201 131072
13329 131072
13457 131072
13585 131072
13649 131072
13713 131072
13777 131072
13841 131072
13905 131072
13969 131072
14033 131072
14097 131072
14161 131072
14193 131072
14225 131072
14257 131072
14289 131072
14321 131072
14353 131072
14385 131072
14417 131072
14449 131072
14481 131072
14513 131072
14545 131072
14577 131072
14609 131072
14641 131072
14673 131072
14705 131072
14737 131072
14769 131072
14801 131072
14833 131072
14865 131072
14897 131072
14929 131072
14961 131072
14993 131072
15025 131072
15057 131072
15121 131072
15185 131072
15249 131072
15313 131072
15377 131072
15441 131072
15505 131072
15569 131072
15633 131072
15697 131072
15761 131072
15889 131072
16017 131072
16145 131072
16273 131072
16401 131072
16529 131072
16785 131072
17041 131072
17297 131072
17553 131072
18065 131072
18577 131072
18833 131072
19089 131072
19345 131072
19473 131072
19601 131072
19729 131072
19857 131072
19921 131072
19985 131072
20049 131072
20113 131072
20177 131072
20241 131072
20305 131072
20369 131072
20433 131072
20497 131072
20561 131072
20625 131072
20689 131072
20753 131072
20785 131072
20817 131072
20849 131072
20881 131072
20913 131072
20945 131072
20977 131072
21009 131072
21041 131072
21073 131072
21105 131072
21137 131072
21169 131072
21233 131072
21297 131072
21361 131072
21425 131072
21489 131072
21553 131072
21617 131072
21681 131072
21745 131072
21809 131072
21873 131072
21937 131072
22001 131072
22065 131072
22129 131072
22193 131072
22321 131072
22449 131072
22577 131072
22705 131072
22833 131072
22961 131072
23089 131072
23345 131072
23601 131072
23857 131072
24113 131072
24369 131072
24881 131072
25393 131072
25905 131072
26417 131072
26673 131072
26929 131072
27057 131072
27185 131072
27313 131072
27441 131072
27569 131072
27697 131072
27825 131072
27889 131072
27953 131072
28017 131072
28081 131072
28145 131072
28209 131072
28273 131072
28337 131072
28401 131072
28465 131072
28529 131072
28593 131072
28657 131072
28721 131072
28785 131072
28849 131072
28913 131072
28977 131072
29041 131072
29105 131072
29169 131072
29233 131072
29297 131072
29361 131072
29425 131072
29489 131072
29553 131072
29617 131072
29681 131072
29745 131072
29809 131072
29873 131072
29937 131072
30001 131072
30065 131072
30129 131072
30257 131072
30385 131072
30513 131072
30641 131072
30769 131072
30897 131072
31025 131072
31153 131072
31281 131072
31537 131072
31793 131072
32049 131072
32305 131072
32561 131072
32817 131072
33329 131072
33841 131072
34353 131072
34865 131072
35377 131072
35633 131072
35889 131072
36145 131072
36273 131072
36401 131072
36529 131072
36657 131072
36785 131072
36913 131072
37041 131072
37169 131072
37233 131072
37297 131072
37361 131072
37425 131072
37489 131072
37553 131072
37617 131072
37681 131072
37745 131072
37809 131072
37873 131072
37937 131072
38001 131072
38065 131072
38129 131072
38193 131072
38257 131072
38321 131072
38385 131072
38449 131072
38513 131072
38577 131072
38641 131072
38705 131072
38769 131072
38833 131072
38897 131072
38961 131072
39025 131072
39089 131072
39153 131072
39217 131072
39281 131072
39345 131072
39409 131072
39473 131072
39601 131072
39729 131072
39857 131072
39985 131072
40113 131072
40241 131072
40369 131072
40497 131072
40625 131072
40753 131072
40881 131072
41137 131072
41393 131072
41649 131072
41905 131072
42161 131072
42417 131072
42929 131072
43441 131072
43953 131072
44465 131072
44977 131072
45489 131072
45745 131072
46001 131072
46257 131072
46513 131072
46641 131072
46769 131072
46897 131072
47025 131072
47153 131072
47281 131072
47409 131072
47537 131072
47665 131072
47729 131072
47793 131072
47857 131072
47921 131072
47985 131072
48049 131072
48113 131072
48177 131072
48241 131072
48305 131072
48369 131072
48433 131072
48497 131072
48561 131072
48625 131072
48689 131072
48753 131072
48817 131072
48881 131072
48945 131072
49009 131072
49073 131072
49137 131072
49201 131072
49265 131072
49329 131072
49393 131072
49457 131072
49521 131072
49585 131072
49649 131072
49713 131072
49777 131072
49841 131072
49905 131072
49969 131072
50097 131072
50225 131072
50353 131072
50481 131072
50609 131072
50737 131072
50865 131072
50993 131072
51121 131072
51249 131072
51377 131072
51505 131072
51761 131072
52017 131072
52273 131072
52529 131072
52785 131072
53041 131072
53297 131072
53809 131072
54321 131072
54833 131072
55345 131072
55857 131072
56369 131072
56625 131072
56881 131072
57137 131072
57393 131072
57649 131072
57777 131072
57905 131072
58033 131072
58161 131072
58289 131072
58417 131072
58545 131072
58673 131072
58801 131072
58929 131072
59057 131072
59121 131072
59185 131072
59249 131072
59313 131072
59377 131072
59441 131072
59505 131072
59569 131072
59633 131072
59697 131072
59761 131072
59825 131072
59889 131072
59953 131072
60017 131072
60081 131072
60145 131072
60209 131072
60273 131072
60337 131072
60401 131072
60465 131072
60529 131072
60593 131072
60657 131072
60721 131072
60785 131072
60849 131072
60977 131072
61105 131072
61233 131072
61361 131072
61489 131072
61617 131072
61745 131072
61873 131072
62001 131072
62129 131072
62257 131072
62385 131072
62513 131072
62641 131072
62897 131072
63153 131072
63409 131072
63665 131072
63921 131072
64177 131072
64433 131072
64689 131072
65201 131072
65713 131072
66225 131072
66737 131072
67249 131072
67761 131072
68017 131072
68273 131072
68529 131072
68785 131072
68913 131072
69041 131072
69169 131072
69297 131072
69425 131072
69553 131072
69681 131072
69809 131072
69937 131072
70065 131072
70193 131072
70321 131072
70385 131072
70449 131072
70513 131072
70577 131072
70641 131072
70705 131072
70769 131072
70833 131072
70897 131072
70961 131072
71025 131072
71089 131072
71153 131072
71217 131072
71281 131072
71345 131072
71409 131072
71473 131072
71537 131072
71601 131072
71729 131072
71857 131072
71985 131072
72113 131072
72241 131072
72369 131072
72497 131072
72625 131072
72753 131072
72881 131072
73009 131072
73137 131072
73265 131072
73393 131072
73521 131072
73649 131072
73777 131072
74033 131072
74289 131072
74545 131072
74801 131072
75057 131072
75313 131072
75569 131072
75825 131072
76337 131072
76849 131072
77361 131072
77873 131072
78129 131072
78385 131072
78641 131072
78897 131072
79025 131072
79153 131072
79281 131072
79409 131072
79537 131072
79665 131072
79793 131072
79921 131072
80049 131072
80177 131072
80305 131072
80433 131072
80561 131072
80625 131072
80689 131072
80753 131072
80817 131072
80881 131072
80945 131072
81009 131072
81073 131072
81137 131072
81201 131072
81265 131072
81329 131072
81393 131072
81457 131072
81521 131072
81585 131072
81649 131072
81777 131072
81905 131072
82033 131072
82161 131072
82289 131072
82417 131072
82545 131072
82673 131072
82801 131072
82929 131072
83057 131072
83185 131072
83313 131072
83441 131072
83569 131072
83697 131072
83825 131072
83953 131072
84209 131072
84465 131072
84721 131072
84977 131072
85233 131072
85489 131072
85745 131072
86001 131072
86257 131072
86769 131072
87025 131072
87281 131072
87537 131072
87665 131072
87793 131072
87921 131072
88049 131072
88177 131072
88305 131072
88433 131072
88561 131072
88689 131072
88817 131072
88945 131072
89073 131072
89201 131072
89329 131072
89457 131072
89585 131072
89713 131072
89841 131072
89969 131072
90097 131072
90225 131072
90353 131072
90481 131072
90609 131072
90737 131072
90865 131072
90993 131072
91121 131072
91249 131072
91377 131072
91505 131072
91633 131072
91761 131072
91889 131072
92017 131072
92145 131072
92401 131072
92657 131072
92913 131072
93169 131072
93425 131072
93681 131072
93937 131072
94065 131072
94193 131072
94321 131072
94449 131072
94577 131072
94705 131072
94833 131072
94961 131072
95089 131072
95217 131072
95345 131072
95473 131072
95601 131072
95729 131072
95857 131072
95985 131072
96113 131072
96241 131072
96369 131072
96497 131072
96625 131072
96753 131072
96881 131072
97009 131072
97137 131072
97265 131072
97393 131072
97521 131072
97649 131072
97777 131072
97905 131072
98033 131072
98161 131072
98289 131072
98417 131072
98545 131072
98673 131072
98801 131072
98929 131072
99057 131072
99313 131072
99569 131072
99825 131072
100081 131072
100337 131072
100593 131072
100849 131072
101105 131072
101361 131072
101617 131072
102129 131072
102641 131072
103153 131072
103665 131072
104177 131072
104689 131072
105713 131072
106737 131072
107761 131072
108785 131072
109809 131072
111857 131072
113905 131072
115953 131072
120049 131072
124145 131072
128241 131072
136433 131072
144625 131072
161009 131072
193777 131072
259313 131072
2 1